image_00000 218 263 241 295
image_00001 216 260 240 298
image_00002 217 261 239 294
image_00003 216 262 240 295
image_00004 213 260 238 295
image_00005 210 260 241 298
image_00006 212 260 240 297
image_00007 211 259 240 297
image_00008 210 257 238 293
image_00009 209 257 241 294
image_00010 206 259 240 295
image_00011 208 259 243 297
image_00012 206 257 243 298
image_00013 206 258 243 298
image_00014 205 257 243 298
image_00015 206 244 259 297
image_00016 206 242 264 297
image_00017 206 244 264 298
image_00018 202 245 268 299
image_00019 202 246 267 301
image_00020 204 243 271 303
image_00021 202 245 271 300
image_00022 201 245 266 300
image_00023 200 245 268 301
image_00024 201 243 269 302
image_00025 200 244 269 303
image_00026 199 244 270 301
image_00027 201 246 267 304
image_00028 201 245 269 303
image_00029 199 245 269 303
image_00030 198 247 268 302
image_00031 199 245 268 304
image_00032 228 243 266 303
image_00033 230 245 270 306
image_00034 231 242 269 307
image_00035 232 242 269 309
image_00036 234 240 267 307
image_00037 234 237 269 309
image_00038 232 240 270 308
image_00039 232 244 271 306
image_00040 233 241 272 312
image_00041 231 243 268 309
image_00042 230 243 268 306
image_00043 231 245 270 306
image_00044 233 242 271 307
image_00045 234 243 273 306
image_00046 234 239 270 308
image_00047 234 239 270 308
image_00048 246 239 273 270
image_00049 248 235 273 270
image_00050 249 241 273 269
image_00051 251 240 274 266
image_00052 254 239 276 265
image_00053 254 238 276 267
image_00054 250 238 275 266
image_00055 250 239 277 268
image_00056 253 240 275 266
image_00057 255 240 273 265
image_00058 254 240 274 264
image_00059 252 240 271 262
image_00060 253 240 271 264
image_00061 253 238 271 263
image_00062 253 239 274 262
image_00063 249 240 269 261
